[gd_scene load_steps=6 format=3 uid="uid://uq4i3kybaxhq"]

[ext_resource type="PackedScene" uid="uid://byhtfco1xbelx" path="res://PartyMembers/Thalria/thalria.glb" id="1_sr7k5"]
[ext_resource type="PackedScene" uid="uid://d4hbovi73um7x" path="res://PartyMembers/Thalria/thalria_staff.glb" id="2_hpaat"]
[ext_resource type="Script" path="res://Dialogue/Scripts/DialogueInteraction.cs" id="3_quwwp"]

[sub_resource type="CapsuleShape3D" id="CapsuleShape3D_snhpk"]
radius = 0.25

[sub_resource type="BoxShape3D" id="BoxShape3D_6jyj8"]
size = Vector3(1, 2, 1)

[node name="thalria_holder" type="Node3D"]

[node name="Weapon" parent="." instance=ExtResource("2_hpaat")]

[node name="Model" parent="." instance=ExtResource("1_sr7k5")]

[node name="CollisionShape3D" type="CollisionShape3D" parent="."]
transform = Transform3D(1, 0, 0, 0, 1, 0, 0, 0, 1, 0, 1, 0)
shape = SubResource("CapsuleShape3D_snhpk")

[node name="NavigationAgent3D" type="NavigationAgent3D" parent="."]
path_desired_distance = 0.5
target_desired_distance = 0.5

[node name="BackAnchor" type="Node3D" parent="."]
transform = Transform3D(0.87339, -0.487022, 0, 0.487022, 0.87339, 0, 0, 0, 1, 0.405872, -0.481838, -0.155067)

[node name="IdleCombatAnchor" type="Node3D" parent="."]
transform = Transform3D(1, -4.65661e-10, 2.03547e-17, 0, -4.37114e-08, -1, 4.65661e-10, 1, -4.37114e-08, 0.015721, 0.0546025, -0.791561)

[node name="DialogueHolder" type="Node3D" parent="."]
script = ExtResource("3_quwwp")

[node name="DialogueBox" type="StaticBody3D" parent="."]
collision_layer = 4
input_ray_pickable = false

[node name="CollisionShape3D" type="CollisionShape3D" parent="DialogueBox"]
transform = Transform3D(1, 0, 0, 0, 1, 0, 0, 0, 1, 0, 1.02305, 0)
shape = SubResource("BoxShape3D_6jyj8")

[node name="CameraPositioner" type="Node3D" parent="."]
transform = Transform3D(1, 0, 0, 0, 1, 0, 0, 0, 1, 0, 1.36006, 0)

[node name="SecondaryAnchor" type="Node3D" parent="."]
transform = Transform3D(-0.158533, -0.487022, 0.858881, -0.0884016, 0.87339, 0.478932, -0.983388, 2.23517e-08, -0.181515, 0.303228, -0.2582, -0.144977)

[node name="SecondaryWeapon" type="Node3D" parent="."]
transform = Transform3D(-0.158533, -0.487022, 0.858881, -0.0884016, 0.87339, 0.478932, -0.983388, 2.23517e-08, -0.181515, 0.303228, -0.2582, -0.144977)
