[gd_scene load_steps=11 format=3 uid="uid://cpacfft63w3rs"]

[ext_resource type="PackedScene" uid="uid://dxo8axv6qyav6" path="res://Party/Vakthol/vakthol.glb" id="1_0qle1"]
[ext_resource type="PackedScene" uid="uid://yhwlyfetwmre" path="res://Party/Vakthol/vakthol_axe.glb" id="2_1ib11"]
[ext_resource type="PackedScene" uid="uid://btvgyb2kh78pv" path="res://Abilities/0Core/attack_preferences.tscn" id="3_xgsyj"]
[ext_resource type="PackedScene" uid="uid://bdbi8yvqbpttm" path="res://Abilities/0Core/animation_preferences.tscn" id="4_ho1ca"]
[ext_resource type="Script" path="res://Abilities/0Core/WaitTimeEvent.cs" id="5_7wqfj"]
[ext_resource type="Script" path="res://Abilities/0Core/AnimationPreference.cs" id="6_en2ip"]
[ext_resource type="PackedScene" uid="uid://dvruf8jujbtvi" path="res://Combat/0Core/audio_data_holder.tscn" id="7_r5ujk"]

[sub_resource type="Resource" id="Resource_vm6um"]
script = ExtResource("5_7wqfj")
eventName = "AttackWait"
waitTime = 1.2
projectilePath = ""

[sub_resource type="Resource" id="Resource_dboyi"]
script = ExtResource("6_en2ip")
animationName = "Attack"
events = [SubResource("Resource_vm6um")]

[sub_resource type="CapsuleShape3D" id="CapsuleShape3D_y4a55"]
radius = 0.35

[node name="combat_actor" type="Node3D"]

[node name="Model" parent="." instance=ExtResource("1_0qle1")]

[node name="IdleCombatAnchor" type="Node3D" parent="."]
transform = Transform3D(-0.0232961, 0.00229039, 0.999726, -8.74225e-08, -0.999997, 0.00229101, 0.999729, 5.32841e-05, 0.0232961, 0.0402622, 0.39356, 0.0780159)

[node name="ActiveCombatAnchor" type="Node3D" parent="."]
transform = Transform3D(0.251531, 5.73318e-05, -0.967849, -0.967439, -0.0291096, -0.251426, -0.0281881, 0.999576, -0.00726648, 0.029447, 0.055098, -0.517589)

[node name="SecondaryAnchor" type="Node3D" parent="."]
transform = Transform3D(-0.158533, -0.487022, 0.858881, -0.0884016, 0.87339, 0.478932, -0.983388, 2.23517e-08, -0.181515, 0.303228, -0.2582, -0.144977)

[node name="SecondaryWeapon" type="Node3D" parent="."]
transform = Transform3D(-0.158533, -0.487022, 0.858881, -0.0884016, 0.87339, 0.478932, -0.983388, 2.23517e-08, -0.181515, 0.303228, -0.2582, -0.144977)

[node name="AttackPreferences" parent="." instance=ExtResource("3_xgsyj")]
FighterSize = 1.0
PathToAttackSound = "res://Party/Vakthol/vakthol_attack.wav"

[node name="AnimationPreferences" parent="." instance=ExtResource("4_ho1ca")]
preferences = [SubResource("Resource_dboyi")]

[node name="Weapon" parent="." instance=ExtResource("2_1ib11")]
transform = Transform3D(0.999999, 0, 0, 0, 0.999999, 0, 0, 0, 0.999999, 0, 0, 0)

[node name="AudioData" parent="." instance=ExtResource("7_r5ujk")]
DeathSoundPath = "res://Party/Vakthol/vakthol_death.wav"

[node name="StaticBody3D" type="StaticBody3D" parent="."]
collision_layer = 256
collision_mask = 128
input_ray_pickable = false

[node name="CollisionShape3D" type="CollisionShape3D" parent="StaticBody3D"]
transform = Transform3D(1, 0, 0, 0, 1, 0, 0, 0, 1, 0, 0.917953, 0)
shape = SubResource("CapsuleShape3D_y4a55")
