[gd_scene load_steps=11 format=3 uid="uid://cnnbqshdbaks4"]

[ext_resource type="PackedScene" uid="uid://c8sbeheqi10fl" path="res://Party/Vakthol/vakthol.glb" id="1_ypitp"]
[ext_resource type="PackedScene" uid="uid://yhwlyfetwmre" path="res://Party/Vakthol/vakthol_axe.glb" id="2_nf168"]
[ext_resource type="Script" path="res://Dialogue/0Core/DialogueInteraction.cs" id="3_2wb2x"]

[sub_resource type="CapsuleShape3D" id="CapsuleShape3D_snhpk"]
radius = 0.25

[sub_resource type="AnimationNodeAnimation" id="AnimationNodeAnimation_wk5t4"]
animation = &"Idle"

[sub_resource type="AnimationNodeAnimation" id="AnimationNodeAnimation_y612c"]
animation = &"Run"

[sub_resource type="AnimationNodeAnimation" id="AnimationNodeAnimation_jbo8h"]
animation = &"Walk"

[sub_resource type="AnimationNodeBlendSpace1D" id="AnimationNodeBlendSpace1D_10gv5"]
blend_point_0/node = SubResource("AnimationNodeAnimation_wk5t4")
blend_point_0/pos = -1.0
blend_point_1/node = SubResource("AnimationNodeAnimation_y612c")
blend_point_1/pos = 1.0
blend_point_2/node = SubResource("AnimationNodeAnimation_jbo8h")
blend_point_2/pos = 0.0

[sub_resource type="AnimationNodeBlendTree" id="AnimationNodeBlendTree_5c7fh"]
graph_offset = Vector2(-174, 130)
nodes/BasicMovement/node = SubResource("AnimationNodeBlendSpace1D_10gv5")
nodes/BasicMovement/position = Vector2(100, 140)
nodes/output/position = Vector2(320, 120)
node_connections = [&"output", 0, &"BasicMovement"]

[sub_resource type="BoxShape3D" id="BoxShape3D_q3a1p"]
size = Vector3(1, 2, 1)

[node name="vakthol_holder" type="Node3D"]

[node name="CollisionShape3D" type="CollisionShape3D" parent="."]
transform = Transform3D(1, 0, 0, 0, 1, 0, 0, 0, 1, 0, 1, 0)
shape = SubResource("CapsuleShape3D_snhpk")

[node name="Model" parent="." instance=ExtResource("1_ypitp")]

[node name="AnimationTree" type="AnimationTree" parent="."]
tree_root = SubResource("AnimationNodeBlendTree_5c7fh")
anim_player = NodePath("../Model/AnimationPlayer")
active = true
parameters/BasicMovement/blend_position = 0

[node name="BackAnchor" type="Node3D" parent="."]
transform = Transform3D(0.87339, -0.487022, 0, 0.487022, 0.87339, 0, 0, 0, 1, 0.416, -0.5, -0.129)

[node name="IdleCombatAnchor" type="Node3D" parent="."]
transform = Transform3D(1, 0, 0, 0, -4.37114e-08, -1, 0, 1, -4.37114e-08, 0.0211008, 0.0529301, -1.23596)

[node name="ActiveCombatAnchor" type="Node3D" parent="."]
transform = Transform3D(0.251531, 5.73318e-05, -0.967849, -0.967439, -0.0291096, -0.251426, -0.0281881, 0.999576, -0.00726648, 0.029447, 0.055098, -0.517589)

[node name="Weapon" parent="." instance=ExtResource("2_nf168")]

[node name="NavigationAgent3D" type="NavigationAgent3D" parent="."]
path_desired_distance = 0.5
target_desired_distance = 0.5

[node name="DialogueHolder" type="Node3D" parent="."]
script = ExtResource("3_2wb2x")

[node name="DialogueBox" type="StaticBody3D" parent="."]
collision_layer = 4
input_ray_pickable = false

[node name="CollisionShape3D" type="CollisionShape3D" parent="DialogueBox"]
transform = Transform3D(1, 0, 0, 0, 1, 0, 0, 0, 1, 0, 1.02305, 0)
shape = SubResource("BoxShape3D_q3a1p")

[node name="CameraPositioner" type="Node3D" parent="."]
transform = Transform3D(1, 0, 0, 0, 1, 0, 0, 0, 1, 0, 1.573, 0)

[node name="SecondaryAnchor" type="Node3D" parent="."]
transform = Transform3D(-0.158533, -0.487022, 0.858881, -0.0884016, 0.87339, 0.478932, -0.983388, 2.23517e-08, -0.181515, 0.303228, -0.2582, -0.144977)

[node name="SecondaryWeapon" type="Node3D" parent="."]
transform = Transform3D(-0.158533, -0.487022, 0.858881, -0.0884016, 0.87339, 0.478932, -0.983388, 2.23517e-08, -0.181515, 0.303228, -0.2582, -0.144977)
